325 7544
633 4033
633 4052
2002 7518
107 139
5054 7523
2002 2498
3016 7577
593 2498
11 2002
208 7516
5 210
275 7541
223 3100
2005 2007
236 2003
223 4019
148 2004
75 2003
129 2003
2002 2007
221 632
1 7
267 2006
10 101
219 3998
1 7514
304 2007
3070 6170
108 3683
207 389
5 355
235 5001
3567 3847
208 3512
2006 3238
212 225
101 2006
181 2004
2006 5073
10 2006
10 267
2006 7531
244 2003
187 205
282 2002
11 233
11 2006
1 389
10 109
1 2004
2 101
308 3702
101 191
6094 7581
2 3003
101 3728
66 4294
2003 7574
212 304
102 316
2003 2007
7 3238
220 4300
101 3238
109 3238
109 628
4 109
601 4031
327 3238
109 2485
386 3403
2485 3009
4246 4958
4246 4954
4954 4958
103 2002
278 2003
309 613
314 613
309 314
6 10
2004 2006
11 206
5 2003
301 3238
103 109
109 2002
284 2002
60 2006
5 188
314 7502
304 3847
11 3414
205 305
187 305
2007 3238
2002 3238
109 2004
218 2002
146 3156
304 2484
2 304
2 2484
898 2007
109 304
10 11
10 2002
331 7528
2 4
2003 3651
11 109
192 228
316 3584
2003 7577
217 304
65 2002
